h 
2 3  26
7 3  10
7 14 15
-1

v
2 2  6
2 29  2
5 29  3
-1

d 
4 29
7 13
-1

f
3 3 6 28
-1


h
2 39 23
4 63 7
5 71 2
6 74 2
7 39 4
7 44 16
13 61 8
13 70 6
-1

v
2 38 2
5 38 3
2 62 3
4 70 2
5 73 2
6 76 8
7 60 4
12 60 2
-1

d 
4 38
7 43
11 60
13 69
-1

f
3 39 6 61
5 62 6 69
6 70 6 72
7 61 12 75
-1


h 
9 38 5
9 44 6
13 38 5
13 44 6
-1

v
9 37 5
9 50 5
-1

d
9 43
13 43
-1

f
10 38 12 49
-1


h 
14 4 9
14 14 11
22 4 21
-1

v
14 3 9
14 25 6
21 25 2
-1

d 
14 13
20 25
-1

f
15 4 21 24
-1


h 
18 37 6
18 44 20
15 65 4
15 70 6
22 37 39
-1

v
15 64 4
18 36 2
21 36 2
15 76 8
-1

d 
20 36
15 69
18 43
-1


f
19 37 21 64
16 65 21 75
-1


4 30 8
8 31 13
11 14 17
11 54 6
16 32 23
20 26 10
-1

5 33 3
8 13 6
9 31 11
14 43 2
17 43 1
12 54 4
14 69 1
-1
